#TESTNET CREDENTIAL
MYACCOUNT_ID = 0.0.3885392
MYACCOUNT_PBKEY = 302a300506032b65700321009d69a238d6263b6901b17220a0da0e4f457d712475532228a58d69c2f18e5cc4
MYACCOUNT_PVKEY = 302e020100300506032b657004220420eb2c1ba7963c97c8b691bff881a47df81d8e3ecef7ccbe186fc4ba1a44e89464
FACTORY_CONTACT_ID=0.0.14021872